10000 1000000
-269976
-396333
790204
-452634
-325986
-214592
183204
-204392
-766945
-346116
-509649
40517
683414
740778
345421
527837
677499
-970186
-495184
338788
357278
248284
40194
-584269
-321107
125911
913054
-688219
408929
-587069
-741403
-13021
-902996
964037
482815
210324
177486
832191
-135782
-754427
-709983
543914
-383694
214450
-74929
-265115
-777837
-804374
-851221
28760
-503484
270191
856517
-441819
-796695
634667
-250891
46041
789645
916167
145438
-342875
-701494
206278
358601
-501547
-426820
-684146
-699841
130497
248226
717095
-391338
-30862
511819
-543750
-862111
281536
46503
187444
-334276
434494
587953
-182620
618993
-145265
-723823
-196294
497394
972306
-459344
607382
-327649
-349073
902130
-197253
-136786
95549
874048
195527
709290
683960
-111415
562421
-804071
581466
920855
-241321
88799
660543
635605
-185972
824595
-665557
476642
-757144
996261
34146
-359425
233988
870804
508826
272637
645495
-342787
-483978
-125306
672627
-750536
-321045
784517
877295
-217080
299555
207483
-754182
-755934
-761509
748411
-227772
-780651
-565132
126626
453393
-797965
838691
462528
961996
446038
35447
-771457
-140054
-356105
4273
-604387
571168
-98167
-45555
373586
91749
781818
-157117
-862499
79131
134826
-395613
-322726
44266
788262
-20837
170709
713519
590875
-941581
-907948
795693
-495393
-355008
735523
300071
-500398
517728
-22687
112370
-847860
522782
-449014
-415162
-627974
-841681
488512
869997
497092
339930
-607536
311056
29587
936247
692501
-753361
-450532
994164
-573884
-349435
-663767
834335
-56108
756320
-567569
193361
-129587
-474462
-435107
524195
-322633
801151
-749343
-576146
913723
662714
-421788
-513276
581145
-920622
-658343
-787529
22390
-120004
-700230
-828599
783380
-310507
726257
-949125
59968
-512228
-351022
-672180
892212
914120
-184021
724601
594288
932036
-593405
966294
393811
-965775
-486523
131486
-231064
-364614
405607
-938689
-198482
-153276
-393265
-619137
-122850
-459056
-707308
120744
834575
-272852
40047
-377841
-522852
640121
-471820
513984
271880
96768
849771
-268903
-704964
-92738
785989
-567990
163072
-16454
185270
337761
469215
-530290
569461
606159
221046
320993
-762571
-903359
-195197
-931575
-713277
600233
-259562
517796
-489913
152826
201629
73464
746958
-812820
144658
262970
910141
-244847
603093
261046
460918
20104
312364
-154571
-84612
339514
43614
942806
-805398
486849
500161
-175190
559330
834684
-188607
-527205
503474
-986245
584598
-515091
-414402
140711
-152691
508061
895815
-240744
317416
-169363
600349
-53312
-914300
-475898
-206339
-46395
950664
40671
-932279
62280
-501
211318
-659865
392815
-425926
-858832
896906
334531
-341525
549716
504980
-856766
-171953
-388404
-267715
-897091
-618214
-465591
827673
-944686
-900093
929864
-676222
699938
441118
851280
-47473
-691421
845780
686454
326593
-734752
-236822
652052
-63653
-651566
-489
680695
447238
-60696
86335
-937947
-556361
-528048
-357234
646031
-711703
230227
-559454
474699
-881774
-339930
-748610
998175
-424973
943352
-221177
652007
-256057
352769
851500
-743542
666558
171670
-166124
-354274
-538830
-93499
720015
940610
-933439
-554532
-674134
150886
205803
129781
151408
646041
727755
-12443
13882
298886
779956
924067
-591575
333095
-695772
784601
213295
-819190
-901323
-534626
362779
-355148
397628
-841380
-522073
-770747
713736
-949293
-727701
-559887
601445
-371467
-244579
336134
-218488
943885
585648
310107
26914
617563
144388
-165273
-269771
926934
719045
-963378
160058
-589755
654016
934601
-534097
-462312
-656561
782667
-631701
-749193
262503
-115540
496192
-101497
-987480
-504726
456909
-422021
-463063
-730178
146149
-27972
940000
-845279
85146
-376127
-866673
63552
-402672
-531215
-286267
236952
-592823
798568
-488128
397109
656948
950467
704014
796465
360401
540471
-863233
-590511
360254
-305214
231275
831096
-690655
909342
-8139
-132826
272864
271394
452397
163265
-706919
-908405
-971473
876191
-68393
-724967
-877100
151840
892248
593338
401162
-930529
72218
-812080
-791177
-88452
603322
67964
-247430
936389
645155
95184
-704490
-258843
-676177
808011
28694
934540
923267
873379
260672
661172
13602
855818
-919012
-158393
967592
147031
-646165
820081
143735
768494
818116
705737
-88837
-95838
-737918
-676294
-311896
198854
-630175
-32033
-366324
552991
394335
-698295
257931
-707428
-679985
111645
494791
-233195
60602
408795
198681
30088
41773
-198860
467064
-514336
-358036
-10084
-974605
697524
-541908
281283
544223
-175254
456084
-680916
-916569
449586
-416578
-305609
584067
80586
718907
-86900
-441525
-777996
-304573
905860
-309714
-771714
-525470
656738
-752355
44532
-931299
480969
840502
-313410
-221357
-502986
-635398
-420570
433107
-188977
802913
-936559
494369
-201863
-469226
-450040
-705451
-45079
-847655
-372885
460051
40757
-371893
987607
931715
571989
444608
-18979
-281193
-94872
547395
440906
-519987
-348183
-535206
-200358
-130831
-694092
-475800
223924
379015
-860510
-4140
589873
-145312
-914146
343513
-678684
-203111
-515954
570364
-513997
-160400
32645
89942
-731906
-779056
-609111
764142
-290521
509014
323353
-994050
704095
851713
648199
-966583
-681912
33372
-367863
79889
-483751
-207820
561456
243504
872574
449948
122762
674850
-641109
905388
-439981
-756520
-692923
-941155
682193
-239853
372392
556859
523441
129980
-177235
-323764
-641945
156515
222181
667541
36453
-183623
-481554
-536147
632386
-37896
-841064
-35421
882378
-380974
-70144
77993
-423136
244253
595818
-551654
-187036
877709
-624301
-9527
750420
578691
748382
-676867
-44725
526052
80593
690332
756952
41665
-24663
706660
758251
638520
-138714
-606556
-486413
-365766
-454507
545080
-535297
-641364
409623
-580655
-327444
-834219
-313277
835165
-296505
-887259
-876570
-1643
-113642
410521
-65511
781108
620489
470997
-458039
895379
-232832
-369197
-277476
819570
-738291
18261
-235098
347846
-255895
-726664
-965929
785561
-276587
805506
-240155
523007
980516
86549
515983
377413
535052
560943
551286
391144
-398365
-452304
932647
153232
438787
-643184
608097
-785107
286212
454063
79301
-370192
179366
-427574
-764880
562831
574230
-575801
-632989
933628
-650896
442168
401607
-268162
-543547
703914
73091
13325
592064
-350956
-349119
-250765
449013
-312485
-274444
683915
-490329
222845
312207
286901
-55243
-715524
-331879
-165599
530790
-64524
-442529
159691
554754
49013
627561
-36761
-96446
68877
751656
130298
-584020
-680659
542697
415368
912735
-719678
552544
927874
-538838
-74725
184637
-973510
-974916
-909611
244163
322443
278918
169069
-129349
973292
629276
-75919
762538
-403051
64616
-871969
606193
-798530
147406
151086
-321871
342753
648176
-358005
-950755
-618642
156842
-262885
676908
-877341
288504
-509828
-349211
-921276
-500915
663583
715393
763640
-995600
-244611
-238003
675669
249110
445277
585108
-857278
-182957
690329
581904
171599
-746980
449031
230309
606958
-692106
93979
928304
-241378
3079
-722959
-106520
724104
945126
-14684
274826
520528
-885335
238119
883342
-522488
106448
-6370
-23247
-50753
-945920
3848
653176
-169544
-714715
-777881
-374969
38040
-756569
-909820
315883
-628887
973971
-606941
842465
-158338
120753
562992
448949
-461613
-516888
-230932
627593
-27997
395795
398364
-957660
925914
-360068
460196
420774
137213
593806
790284
363229
276145
840059
-671289
800629
-453265
-989078
-200666
-211509
-465825
-402369
965329
747277
372136
-946874
530646
-76658
-524288
-919895
-399088
-60975
-825917
399796
775725
-369804
736513
173079
222257
962290
858574
-592613
-432567
659394
-11643
-59738
557678
841259
274971
605526
-941616
735371
9312
-697724
-194640
-957843
771883
-495792
-337581
-170305
388660
-512493
-836237
793212
639064
705094
-602495
654068
599821
752668
-548143
-984412
50837
639196
473231
-653364
507450
756471
231029
-837459
-917255
931559
-117906
433591
634719
71888
-165013
-97500
-919350
-718408
-232323
740049
-950819
409518
697694
-689484
668364
83638
66214
642278
-928288
339326
173213
341411
-626409
171705
-66761
330859
147809
-764304
-82886
570166
357017
711293
470983
731041
-730051
417092
-331060
-69848
-726536
-824355
-322271
952714
48637
-215051
512562
120927
132992
743438
365125
-602302
-825043
-186062
701540
331386
-942917
881473
662808
311022
299817
492530
215203
-743364
-427919
323461
-705719
-659708
-232887
-973762
-731943
-983912
-14348
-645713
129028
-756293
-488165
236198
-456968
-806034
-130342
-509980
-346638
452391
376910
-708700
154022
761714
-68152
954875
625939
866234
34992
900317
-35851
-430467
-504026
-810257
182301
-96818
732738
668231
476858
809766
-23303
521728
-368799
-2665
939901
414168
-769713
754981
193018
-973154
-98476
636205
-588016
-716836
-893932
589713
-436042
257583
828299
-468144
-460673
437561
-900227
109805
-851004
-630329
-852690
-921788
490231
-308436
-719069
356759
-423378
533064
261379
-717312
-64112
-7827
-871604
868401
-417439
325025
-447803
783481
-253218
453007
807740
501253
840360
-730329
-9576
-981747
-492536
-946539
-428237
232153
-988531
397303
-777210
800265
-558246
986073
-503551
-351919
148591
204818
814828
361342
-650088
796463
462422
-265661
773955
213779
-163763
-180302
-638517
697974
380635
245084
946085
446568
-401734
853714
925879
-885862
-633641
609765
-368779
-822332
-355408
-398051
-394945
-930294
-533350
-138323
549871
-913008
79602
-798980
657958
-272798
-482269
-232579
-185988
-951831
796246
629745
47402
-273928
-719942
154108
567878
335908
-275028
629984
700677
309552
510418
-927506
-897285
87308
476222
-6481
-766646
911251
834335
700380
195776
-453019
-487880
-781637
-984164
-633369
607832
339211
795740
652438
899768
890463
100290
-648516
586071
-155131
-531538
781663
425504
739251
-112591
-484305
849215
235918
-606538
-168482
544180
107555
783058
-882382
-576355
-995252
230293
216265
214003
483948
-3544
449260
-723290
432252
584841
827068
314900
-400743
42457
289165
-639057
-999907
773050
-543837
-915364
-290601
851039
151577
685755
-224087
-245686
-514812
404092
-82907
620004
79265
477440
-826838
666408
66511
-734099
-365294
24812
-393835
-25464
365616
606555
-591337
-337684
56232
-400421
179660
-916045
-739297
-934582
-60343
-703888
887082
71195
-512957
663757
-787158
-444686
699808
400461
622325
109414
-598398
185410
82870
-392884
37687
830146
186075
524013
588731
770690
-583648
-208403
273482
-974083
477036
-455144
-356420
546881
663122
-824787
-316638
99672
531231
734918
-691672
-855632
-561047
-914794
840795
456553
87754
418263
590220
-200380
-25908
-45673
261133
207684
-437199
-311417
-231789
480251
-224172
-816994
57145
280590
673539
319498
-406485
25747
-14582
475166
-185758
-691352
-218016
-11394
-743430
449915
-277457
717101
-280562
108406
-240892
500408
420447
-694358
889339
295154
-43395
679128
619535
-574849
355365
-545139
-565955
590565
-491547
-473328
314710
601615
-486139
640810
-517280
999048
537870
-953262
-352322
-445774
139564
-325365
-347253
-548314
-863302
916172
-987900
-690696
646703
540679
767399
253886
-21058
-209794
670623
951334
885788
-446526
-746575
-254072
167583
-698074
-120682
993273
862199
38730
-251063
838169
363739
957028
-843827
978197
76119
943215
-902425
-304090
-621020
665118
-738276
-518873
-709686
-995460
-375801
-449561
-976008
-472770
123841
2683
737542
595496
353306
-239507
-852686
-794372
573762
95760
-201406
429493
-478822
-436242
-408316
771615
-834516
764634
-642366
170389
807298
-337376
-901977
628121
-909781
-493462
-744436
-313418
846134
-373498
-556585
-272198
851393
736291
721156
-953249
829108
605453
-870379
-536150
550777
-770229
7721
-409894
-174316
480952
-58599
75078
-817092
926662
-55905
-68267
-510306
-535533
469671
-806133
830617
428429
515067
-974179
631962
-954882
973588
824091
491701
841649
521730
509127
534704
840995
-724683
942731
275747
-378977
-257484
-535206
-959817
-760870
352463
-847833
-212793
658654
792432
434850
184193
-143736
-838221
-725708
314074
496534
650364
197864
-838101
451667
-838602
400466
-548259
-298510
-440665
-138546
-321807
-699424
662131
548493
-10693
-655799
843473
957387
900546
999233
433010
716120
-751162
589343
802750
-682333
-888189
-44278
-271222
648567
926332
-451633
-459197
-651126
281769
-751518
92585
-414409
-264779
-902268
-815714
831399
335710
-586797
-644571
528802
-748367
-97100
-876231
-643375
291493
-500271
-527761
-997522
234870
397264
-789239
330585
859637
550227
-410431
959852
-305378
273814
-650846
545891
969578
39718
201200
736295
-862839
709668
285780
424928
-618028
-673912
769073
461461
946454
-654055
-418167
626848
236409
494865
-770904
508618
306405
-207696
-620956
-19179
767199
-637292
-659617
522026
-548732
6979
176205
-643193
374791
458713
557660
805782
-555976
788060
352588
-536548
502139
234043
-530938
-392850
-357527
-620518
703094
110552
-756563
-596113
-769243
301084
-383636
-969098
309536
996547
910465
330218
601141
999127
-585298
-51214
863466
388252
363530
93246
381531
164254
140789
775822
-153368
-204815
-542304
-535951
-33317
672090
-474413
639224
-689900
-241654
544181
335728
162508
170938
-857944
790128
-356713
-509816
-714320
-681739
205407
-435072
537836
-736967
-693531
924707
916528
-498711
849660
198173
-132809
-859361
-33221
-113575
433536
216648
142793
-44622
219511
-56841
-71079
416246
669999
62937
45288
703247
890340
-72898
999901
358939
16608
-497701
485605
-960374
90013
-702693
725801
-618782
-581921
827859
877351
915981
-431806
-599809
220773
-768223
260117
458985
-163163
-82577
-310115
956342
378441
212005
-658371
-986671
176218
676841
339479
-55353
-480739
657427
248307
649689
-584760
-258132
-714471
-655868
581577
-719929
585961
807976
942015
-483597
221643
556983
-244310
272549
943735
-352366
456123
-467833
579235
-812744
511262
521987
468838
-378686
332805
-651050
824142
-338189
-71713
-834308
186726
-145096
-542706
841644
-541408
978622
-868566
822412
139307
296843
493628
-445139
-587340
-397699
77384
964978
528045
-513603
221572
-586458
-686954
-612519
947986
-76981
359068
-352733
612262
-140753
-97979
955130
-643200
35453
-924231
787020
-579681
-24727
-184624
-297236
-532578
511512
602133
55787
-942751
451546
-214484
556740
897025
727336
-663856
478335
38695
654873
816488
659029
890912
-237096
-672932
-500506
-207626
299037
-989692
-365009
-133078
-847895
633986
978332
584490
-777898
-266466
-168112
-678791
-394194
-325346
967835
545181
-776805
-705357
-60689
598845
-259314
580059
156552
-938944
503682
707958
666771
554566
521584
746180
-751101
-65199
-27803
436706
245749
987359
657338
551796
676865
-571372
548306
756030
-541522
-485213
460428
-958614
-505392
624610
-589997
-924413
108308
-521339
-132241
919214
-71573
-791662
-588901
-125022
-185778
729003
-328702
-331718
-132630
-807402
254390
240879
-942280
-434585
339575
30350
432807
849965
-512555
-512636
505006
-277402
-631824
-893582
-35938
-261616
832893
-767887
-787299
251160
462598
468103
586560
-770666
-533200
-926507
267928
797036
-455891
461923
184463
-875322
-601121
-117074
-694547
-1299
-251333
443001
-327879
283635
-793732
751795
999639
691480
-901970
-237037
-69460
-451488
-41614
-328278
-262978
-647420
-494402
-623396
836485
-790697
57234
-431845
58473
881365
-727297
699192
929918
985584
6222
797310
560213
828559
295957
-982640
-682820
-131323
-967188
966083
365055
537051
803548
-269800
-689594
49528
615789
-742730
341900
240069
142894
916503
16696
926307
354905
42984
68638
-699446
-920005
-733681
-517621
-712172
328272
54247
2907
147004
592131
820242
-842413
-462977
-424074
413708
670357
-252406
447722
397658
-456501
-495967
-774946
399210
533522
821208
185796
572169
908835
107873
923646
-994624
33400
-398149
814182
552745
683222
397895
-586701
73735
-957941
54554
643386
-415591
679136
-117751
-352060
620259
-572485
-931364
-925276
-552088
939338
114029
-669742
949009
357058
-177060
-170718
-123864
-286766
94143
739533
319374
-306217
852816
707748
228960
855590
-680848
830533
495473
49372
559146
-270300
-869833
125412
-7773
-422701
-800629
418321
935476
406858
-609069
-244805
-936321
-387848
-868764
600190
-595443
-865203
-175890
-23713
-65487
-688700
-233126
589848
-615144
788411
-713397
80334
-238771
-310743
-98078
906664
586314
-547656
-303267
523105
-823341
538425
782713
452385
346459
-278139
743724
982518
-612550
66711
-738867
-99933
721940
-972904
-124166
-405308
-977156
-496592
-216919
277442
94445
-9554
-832264
-800657
936907
-120330
-563474
619550
-978889
647460
-82480
262138
-557064
56449
236194
-389345
337049
159357
-352950
-563873
177941
592607
139871
362356
663680
-967816
-94912
-628125
-122333
-151890
31704
-621116
-915089
207980
580247
-175578
339050
-711580
-785865
-708366
-152451
529735
688038
-658888
599881
-82656
-154360
-25679
-924396
545104
232998
141339
157714
-550999
-776320
999144
576196
330413
-35533
-408129
-188558
699953
13500
-928264
-330432
899190
937155
-109929
-880745
-481883
-54683
991257
-115766
173117
-596000
843489
577605
-48578
455013
-935523
-209843
-736730
-468198
207577
-74137
920174
14508
790587
-275396
215442
-324924
-964357
7259
-908339
705507
686552
-132744
69007
-77234
-471350
-437608
623714
506314
903761
-352937
205250
874275
511484
-510047
323828
182443
-327996
15168
-693718
-450193
993490
487261
902353
609259
854254
-296321
-702354
-723803
-488682
-799749
237320
573243
-345492
864861
-27043
420782
730621
-914569
82944
480762
-116293
901334
378796
286811
-977224
776632
515745
-338579
853909
-216000
447671
915277
-426374
-13931
179247
-109650
928513
30719
-878901
512479
211017
823841
253398
397571
-881428
-819240
76039
-27446
-828494
427331
341548
437005
205557
657006
-447713
-803807
-869363
-962560
461653
-46729
-822549
623432
41430
766701
676834
-445638
800606
982485
870776
-817227
-952567
31812
-240837
646577
73016
-362063
-787411
-202987
-793631
318708
995533
218037
472413
109228
956263
-956469
-246096
878393
495678
-49030
376118
765467
195234
-387896
243566
-941747
-342760
-467580
-909240
-149820
-469026
-150161
211858
876506
918342
-994749
258836
-644183
-780118
-60934
747891
42515
-888022
-538667
71121
816231
-88148
559536
-470862
-316569
-993077
-627005
641978
953658
-575899
-99111
-793706
799463
-798615
648462
-224038
825312
-279544
-38761
558752
174417
892895
-129102
462352
427553
-196812
62934
529174
651033
-164462
717186
693565
928889
688929
-171962
-607371
-690437
-83534
962956
523581
969944
65878
898560
-898303
492551
-159748
194548
-622397
298623
778691
399932
825177
748218
335778
505021
-597780
-198152
376790
960701
96551
712845
481722
-868209
679464
301989
350852
492484
-805177
359692
527382
-707898
-462711
373967
240909
-827326
-933676
359565
675091
832358
-737420
-64495
-728570
-487881
881050
-505817
843833
-692349
246396
422402
-208863
940079
489262
320231
845752
570859
-212188
803229
-984430
286982
-788660
865750
79715
-766938
-624110
-844542
-138505
372403
-102652
-941478
769650
-613171
267363
645777
251641
-710488
253218
749916
372868
148729
-316313
858889
783106
664852
749615
-451973
242503
-360803
658608
878652
-58785
-720705
-699798
-712696
-187973
-29541
927680
-19405
-998185
959174
926385
146674
730322
656755
246546
963812
843330
653419
773150
349992
-765846
-104954
163929
-193919
668163
-697126
-29311
156255
-349593
-54103
-610598
-225737
663752
64857
-205401
124046
594632
-718667
-904113
-921955
640894
149588
-951419
797649
-389921
335851
-79802
804105
81644
-784716
970224
-208825
918645
502892
133742
-559799
-29796
-458262
-872262
-194615
914613
190777
246821
491734
580310
324840
-618025
-955736
800457
957702
700995
-125580
615545
-678105
-367101
992380
858328
949679
-394012
-673588
-160446
949291
-445905
680395
50793
432871
780858
-452235
-530558
53705
472562
183187
461614
-613273
21087
351611
770966
467278
-197827
-86118
748631
-167349
-877634
-286198
-509227
-572131
373268
-979003
-851947
-609607
-4450
60538
-900150
799674
338509
263835
623240
601579
702880
574116
-494688
529394
-518911
360126
106091
673914
-506305
897029
-669131
357841
992522
645063
618563
148458
578786
-434656
57167
498252
244439
609588
-153470
-546681
465215
-527877
709625
-11505
381453
-458279
616950
-212553
872084
-245
465166
-76366
55459
467564
122979
-995861
797915
645568
-741571
948020
-632351
-560715
-238337
-191187
-623462
944447
-821473
407086
-493549
388716
918794
-116420
519140
-798524
-29985
518790
146483
935597
-733787
-917383
730062
567810
926660
-120986
-799520
496426
-150292
757498
663490
-887281
-990037
-20671
-579870
-740498
581339
-57945
-369167
548164
498091
246485
181864
547359
686994
-271734
-735924
361394
-370995
-775991
-39818
-536207
883462
-272240
-813758
116327
589624
734045
634842
-431614
-260248
-209821
1603
-878131
-215323
-300755
480032
611474
446222
-464865
632836
994919
354696
486587
-123556
405810
-812416
121093
757735
929585
422265
-373802
-478341
-588537
-397052
590584
-353392
485558
548791
590783
-875351
-713544
167717
-153259
-509703
-859920
633353
-173832
-625355
899810
742917
944458
741287
-316105
-327180
182049
209435
-629072
408086
135988
33306
-514230
901497
-487927
733968
-775737
697827
-364805
-882637
-60667
285553
461041
495104
-187743
-555767
-291532
39203
-14708
756734
47381
-750726
-15114
-318683
-223568
904024
927225
-815344
-307699
311366
-571409
589484
291506
-311125
-87986
-642161
344974
15331
820918
498070
-375004
270470
853025
33580
-818251
-898356
-172811
542313
428683
753321
-363758
-808267
618598
736388
704244
398732
366663
-898454
220116
338170
855087
144207
753017
190228
943515
-890848
-101771
-802934
168419
870182
-410071
103723
458392
656301
-988868
-288278
-516449
-321113
469078
-682917
314926
368188
936690
-790560
-567541
-51892
-256106
-613443
770036
874138
-69032
-304620
-327914
-922804
500958
585558
-345106
-267044
-264845
203481
-902683
-254177
-968260
214939
445120
585623
-987148
320601
-233417
-438540
944048
913985
539900
857714
904467
-942164
74133
-455616
-618070
-103556
-456599
-521268
-319545
-774779
-787036
703226
-942454
-547745
173583
-990887
103992
170806
-848596
820475
-906731
297414
-392499
42910
793132
-188109
-829870
-79231
395357
-756842
687551
-762884
-999
-840188
455072
-827861
758741
913496
-553441
-587953
-196615
-899010
-708060
-182317
214273
126445
596270
-256338
620860
211330
-464070
-831564
319036
-471503
856168
-3776
2917
-715040
-651145
691222
658154
-218356
-945078
38336
437378
-870257
-845504
-936687
34425
845395
808468
449431
-901421
-559924
946299
672798
308108
-597218
-554622
500733
686165
623753
89734
475053
-544001
717705
-934830
-270638
-330356
-369768
834960
164365
-88612
938632
-640473
262521
-923951
-991440
558550
-224343
-865174
761742
-905101
-160176
487244
353498
577481
498470
686207
-52827
975857
947469
958636
-915680
425366
179445
745526
988062
-862569
-484145
295493
849386
-606929
-763070
834095
-765719
-79286
-970332
-74703
-277459
-457296
63522
-478324
110207
-815504
-314039
-646059
610540
821968
-655199
247619
897576
483492
-495402
-950530
-432477
-178567
48797
740260
63834
-278140
-661291
-93346
475324
614671
-705860
-522674
-849266
367577
-248152
-553432
-173049
195666
-186015
789528
444156
82497
-663212
763371
-628675
648700
-43904
977655
-939863
-761391
-27360
564573
-399210
-361519
-248907
-476678
-302567
-384012
-739096
-104472
-102149
531937
783948
-343589
473771
-744875
-743945
554395
977343
-107622
444906
269871
293514
113057
-248735
36056
916332
-692120
187548
891333
43165
114688
29770
-914784
681068
-492284
-438663
-146288
587786
-53415
587820
-461296
-834221
668212
885121
-50740
-160360
-627833
309072
244130
965094
118796
-290465
40838
916217
-973204
-699448
149941
687018
705020
-599987
646651
-286770
981819
470883
868465
-97797
-112653
-258447
102546
489992
-205369
309238
-82900
667531
-808502
277363
-391083
-252157
620225
-527907
-482680
634090
-460976
383625
-734287
100320
-723233
-442744
-104774
181801
-471060
-599666
-574913
-934208
-908563
983293
543779
703608
98879
685294
595013
343822
-88912
-164201
-858335
670684
937114
-507598
-112620
-410896
-923415
-497109
-945665
872152
177236
-596830
-181567
-986703
-662852
-57876
-685819
-776256
127612
-872021
207740
-667043
479085
65031
-961489
238611
306620
-522529
-227929
652945
-737829
540242
402148
916135
-925019
393353
391318
818658
-106128
-874577
-970420
411740
-568048
560356
755802
557337
-227978
757200
-480480
-949054
152716
-750473
-622293
-720822
780485
-530655
-726302
492789
-722713
980000
-216329
818041
-158849
-576357
453802
780181
-9325
923734
651349
-813568
207161
-184506
250797
-661564
-980449
931974
-563623
-153008
83172
-244502
-200301
-995220
261170
997459
-289985
733922
-657192
332038
561397
153157
565316
958418
103896
65100
-295056
44233
-586104
-458383
841578
-285209
833286
-93424
944307
-166772
-264013
-900166
-714682
138719
-573457
724560
93007
671566
-215738
153667
251827
-867124
-304028
739136
-609457
-695641
-463614
648009
-58921
416520
628768
53413
-777359
867444
-488215
-496366
-684546
424141
485717
-165092
-975667
424707
-518211
515705
-170684
-497137
790653
-847358
716901
-139394
-84855
-341093
618903
928527
981017
238887
-291916
318637
-517788
-485706
980157
-299918
108916
-932806
366894
-872983
880505
62550
561619
4679
255780
-692814
-341223
544804
406183
73656
-58167
-322041
-343026
-580335
400996
143758
-659579
-594404
844469
271301
-655337
716702
-697665
701489
430584
558180
750958
789515
179360
-278228
-601389
-243139
-695967
-557780
-261281
-282761
-264084
199115
234772
-24609
-495956
807200
604589
212113
-250578
-918001
-983609
-561261
805269
-178717
790243
94826
-298700
366740
782628
589158
617512
-833085
-161499
63575
334511
52452
450891
-458820
-717218
666027
400133
530127
-250489
-304798
-385118
-533062
684027
131145
188327
-287953
-708268
-443302
773255
-836636
-686359
313300
13680
-234095
-60824
74658
-516167
169597
602529
-274157
298933
783968
427546
48047
-712800
154693
52435
815444
103076
-640391
-607151
-944240
-490350
220807
-630280
596930
38403
-972716
-741339
-815783
383711
-941635
-191021
-870556
299267
196243
-462053
321977
106233
660276
606722
-504556
-412928
-940458
-962971
-266267
506565
-29582
-120113
-752017
869780
220687
150027
299083
874481
512954
275222
826438
-431638
844940
-907257
-609513
-375686
-919217
79523
-196576
-780094
148461
-883388
436726
894473
-937586
718481
-978131
132772
153191
-297969
690331
549626
288642
769177
-310876
64521
984647
-37222
-195899
-887289
-461911
-316831
-150916
870454
-945725
61142
499106
818087
-346777
-648172
495923
-408101
-496421
-167992
-681955
809151
-193016
-114968
175262
501738
-232933
239604
338425
234682
-991803
-652056
820870
191108
-346663
-472236
-566445
-577666
-126397
763537
462212
179743
224284
464671
67510
-277496
272717
119464
-93634
483661
210655
630312
346773
422213
345335
-298634
129619
-564619
500183
279375
-154963
203132
-391939
-477647
972947
-562813
-161913
-606610
-246780
-191905
-900750
-894582
-657280
223396
438481
-709140
516667
907564
657051
693293
-330728
-75946
755276
281500
211180
-48168
385685
572782
-905746
-668523
-303721
157017
-697298
-229140
-309436
-935234
-419200
562535
513489
-7250
663583
-7555
748719
706042
824342
157836
557958
-779582
-2166
-11113
-818497
833011
-657572
379339
-59865
-812077
501204
803609
-673040
-292862
-987126
-652164
29354
25169
-741494
418930
-571768
-180303
147792
91506
459905
-568771
211535
362176
643615
788339
95936
697243
-394014
33261
327075
610086
-514547
-155354
297652
354963
679367
-919035
-334725
788575
753150
983110
-621410
-311521
353100
599212
534239
710061
-863849
-849650
262226
-407869
690405
-483437
-167932
652823
173318
873867
44975
-897206
-260136
-476535
65269
909800
579070
-211092
77117
-552660
-713905
44477
-178018
-570085
717732
593147
321971
966343
570283
166437
-254814
434295
-622053
-154984
-482322
809050
534650
-661474
-290187
183352
-812924
527033
744134
523203
-749442
-956142
411817
26287
-828409
-867968
-793040
-354816
551826
-872803
-2725
493692
497535
-623462
-956490
782644
805334
-46145
-788899
842033
400595
-732109
-994193
821693
-251677
800046
180275
106586
766817
-915105
-377192
-637953
-47385
780791
638138
924358
908750
360537
35590
-429811
182189
-253652
-971299
128272
-122437
-690352
-504196
-808470
-976156
-817364
-548443
-974609
873588
773542
763245
818856
510398
-493555
-715885
648884
319187
-956296
364679
608148
880879
-785876
358297
22899
91225
-280919
-212346
-153790
163286
-76880
-886715
-436507
452916
50334
-377748
-634369
-260296
-773648
277282
411964
308987
-512617
288453
79207
-637831
-265127
-247506
244031
-466003
503018
-833640
624579
76627
-796995
971673
168012
619784
-195608
-848620
-840277
987525
166648
-511204
-329199
-214174
173509
-115984
-228446
645996
-701869
345037
257867
-721908
-142208
71465
230095
-293026
260501
-731352
581150
527505
-661863
669001
-522866
89853
-191290
-741351
-161741
136517
341529
-990847
317741
-267372
993058
-436540
292120
-352733
78772
-738254
-56996
-970199
-78824
966894
-567063
-995395
453832
-438507
-386212
313243
649644
-430009
280814
447548
-886290
-346823
245174
-76066
549118
897167
310116
-728469
490800
-86790
-398187
556436
274466
83207
144743
484769
-202186
246878
-520674
241807
-328520
633872
639311
-43956
504689
-345929
925614
280210
-191773
521530
923467
24125
-967372
483284
-470911
407588
532250
-250646
83806
-116513
-382842
47038
-455310
157413
-773624
436401
760018
-824304
-820291
-956781
-99818
557012
-886212
-245616
-768206
307171
-719752
-637300
-115213
822814
310244
-773123
-19839
636459
-469580
-439576
-950016
-13779
300392
-683401
590468
94830
662590
-407148
181691
-119155
795715
495846
140426
-483956
843295
987121
-41475
-904620
-138483
-372175
-369117
-490495
82532
635741
874129
-165206
702940
-923228
311582
-38978
-863907
100918
125289
761431
-643082
79129
-662787
189177
-211233
161315
242515
-892805
184375
356639
934149
-425237
577228
-446594
-222194
-76013
-772550
555127
429442
856488
-789739
-337514
-103672
372001
-421885
387820
-322116
725303
-198738
-594407
479983
481898
-405770
-545149
-727274
-311786
-587325
425704
731692
-811644
380683
615765
654874
955636
747669
-671470
-780840
70716
-128821
-38143
670151
971975
605341
827805
-118795
-801522
-241736
263491
867596
301569
-961485
-870415
-738511
-426207
108292
427954
-688696
-490642
992890
629393
-38839
-524121
123162
807050
-853886
419000
895379
784355
-618360
453201
-775962
-492226
-288058
-177071
594488
425113
36699
655712
581648
-376307
803300
-739861
-287155
-509099
-670137
562298
877654
-834599
-216667
-129031
-741969
-752063
393493
82036
819690
-52133
-928584
-438471
-496772
-543687
-323876
-265984
411343
789657
41937
-447020
355538
776820
196425
295391
902632
-937786
-558020
-850467
-893980
-263299
551408
-527134
-275957
-603781
716611
70080
450304
-794961
393917
-271004
-678152
-657834
966719
32844
120197
-739279
-560964
627033
652933
-354562
570078
259525
420350
-112588
741868
872479
-21195
433612
-20572
614312
431358
434480
165884
7261
779158
-80043
-860537
-537892
-452875
535388
-761805
-567334
-572424
940067
505117
-972790
124775
455045
310841
-240270
-214944
-809124
356889
312542
129999
-190051
230527
884984
645227
-580313
-910265
-753497
-590962
526892
127060
-754105
913927
-504685
976383
28161
-383633
-541993
-976339
-25558
630025
404767
777801
176139
376499
-887118
-550323
-922110
265237
601493
-546742
-955179
-694625
-189085
201622
-580440
-908377
174184
-938207
857804
-778008
40894
177459
-164070
650657
-944685
134294
505158
987288
-816376
432831
-848477
-405407
-648287
-336593
822532
135025
-531143
53399
602214
-89950
-867178
925451
-157156
-678864
311432
297930
941812
-441066
597107
656521
-486549
629429
-901717
-37418
697662
582807
-552235
-880776
-193213
-808540
-621637
590344
-212524
-837019
-383367
545928
-510939
-320198
-513805
541528
525484
858813
73118
-362580
-278697
690921
-534975
678125
-541642
783864
155979
-575138
-799866
-116821
-334184
-436379
313131
-131381
-500705
-321125
974646
796515
745997
-369318
-960515
-490046
-540357
-206760
-730684
249745
730648
705232
-29161
494917
184082
820474
-591922
-313359
-605484
261946
-498675
967722
364558
-450669
120717
-103014
297411
-824789
811349
960190
-166525
558859
307645
-191869
901831
673173
369037
-210935
-798962
-844878
278785
188849
-441872
886483
799378
702242
-751520
-661913
-848763
435061
32847
-739990
-474100
-271633
-782077
-481108
301929
612688
-63132
-823386
243948
858562
18540
-190145
176789
199253
203108
-515966
-64180
-290971
244982
922987
821655
-358911
-472243
396072
460581
629796
88175
-386868
203377
-176594
-265169
-76099
-869092
-96191
384740
141622
941584
-186563
-65805
-399441
4036
-470810
865130
-93656
473724
209919
567838
-675858
864325
-327503
-288708
302910
73787
256889
557477
-409289
-352787
584214
616918
-749617
961741
-280393
76552
977394
-103590
484270
-834306
602385
-866499
-78827
679203
-820697
763934
502771
588846
-980731
865241
4340
748203
-423447
532978
808718
-882497
110781
-788675
-674045
-96140
644483
-240224
-961156
452722
-306019
-275320
-537225
-547816
585948
-146583
17801
696406
822897
-887653
693846
-947995
310352
-127675
-821505
540123
127766
315280
72393
-363788
52594
-284910
313015
946842
-976679
194736
250637
945546
403671
-833664
-463940
-923434
173768
272978
598754
-399990
-489529
586419
755392
612315
-652054
516239
-990081
-392908
582467
973743
273253
-473223
467002
-918441
-377244
-497719
-453492
-398612
284998
-819813
748773
80415
-224813
665331
-970348
-784592
41135
-695741
-482821
-39686
689160
120088
-551733
656993
-775021
-296835
529344
-823232
-331528
-617524
-55065
949923
-675149
950623
457481
689705
-593031
298077
-789817
-795754
42254
409438
-111787
844041
-571789
785632
-341896
543390
-608967
139561
-821296
711396
767369
-609881
688621
195458
-415156
629264
-610545
-267590
-865714
666920
-394671
5745
-485028
586252
825858
-504553
-264476
-664654
-883419
-379347
-110589
521764
-575052
-492715
605226
591204
219960
-558117
-393941
161344
-402955
146541
60738
-640848
216215
-986954
-156088
-417129
4151
19003
-28027
549451
415545
-822112
-425988
-438547
-42590
588529
-938622
-756008
-430500
144103
-914943
314818
-84756
-227614
-122967
-253150
302616
398791
-739535
-432958
259526
-15091
553551
-367667
888006
116095
164130
-458286
305220
261082
208709
631233
537853
476027
162497
-505200
-113126
656434
-706235
714117
81262
-778370
937887
-41866
360591
799097
-887123
-391438
-874529
-916508
-461898
-846714
80706
338757
727509
-934343
78177
-522022
49765
-525871
-861965
901255
-963735
-922822
153740
919413
477774
181718
-451269
888495
-656632
528483
638394
966874
314068
-156780
-744949
-271141
-299858
532296
52802
244205
-462916
-110305
-121222
-211360
-788401
-434420
-598531
-466312
-926858
411399
351270
-502506
148334
-955621
-109149
-913984
-375197
387982
-479133
-38985
663839
559808
-907182
-773454
-724082
577659
241600
140680
-833666
777969
-563891
962578
776241
-170343
499192
-135476
-455666
891192
-382051
-125074
424987
378815
-945979
74725
-179114
829753
-107428
75048
-121238
35850
-150429
-1417
-752120
151263
186844
486440
233244
509249
75302
875549
483802
859262
-764876
156081
-535957
551521
-115289
804678
459281
-40943
-787014
-882149
64437
777193
4476
-500403
51424
-775345
-223753
535650
-188460
-105884
674274
410879
463524
-42775
525078
-158217
-960116
-262083
-702026
-603875
-293520
-717028
831613
-308316
379367
-428378
824013
167196
471702
320822
-278702
-702462
321565
-743475
83790
-195112
-617692
-917018
607958
477508
-437741
-829044
999966
-594208
-493881
83403
276902
-771823
-883398
499203
-801725
-412038
-596196
846926
138925
259656
-777472
-884645
-436524
-359304
19669
716751
843660
421203
-200759
-279766
414245
755875
97958
600816
632707
-523268
-245773
-728483
-44830
-347660
-721388
461264
259462
805278
731401
-452470
-667046
-818007
-698853
-996528
-602368
907639
-265953
803871
705186
350661
-148573
268252
-271883
913866
-857206
358138
-284207
847104
-452588
823120
745655
368680
885097
-97643
-793819
273983
-904817
412789
-891498
-839496
811165
-759413
517931
-415509
-169492
553511
-265938
-731774
-782749
903382
364901
233622
-345061
-779038
186658
-993570
-503295
-344426
-241061
235375
-984245
152993
59800
-553892
-481777
821007
-945125
-962509
833002
-609425
332765
-379056
-444892
701502
923728
-126492
677018
-162425
-593053
-346426
718433
857264
-782694
512947
-64930
873417
186699
187042
953181
-520425
-505701
-654129
-101188
-850932
526812
967767
54316
-463005
-349556
-982851
439552
-807761
423090
314905
169914
251884
-982034
-516462
545417
13682
-13816
-817563
-132413
-553450
-970296
-966150
-561942
-889213
854559
-135241
-580102
62645
-141681
-520403
-646763
480842
531924
-939079
-862271
-829627
-357908
979847
-423568
-554095
-480946
256778
-812752
439372
34349
-748176
22222
114978
-565083
-761144
275202
-651898
542967
863952
-444767
608114
205284
831693
55302
783749
-273490
854294
255027
-441538
-823080
539407
-421935
-549402
463094
-715831
761933
-156389
-566810
321529
543429
591009
-438862
829417
986869
243014
85489
-807696
-708095
602390
-340280
294164
835174
-484093
-793600
456469
717480
348490
-429904
-530995
-955090
-792566
-585029
-246275
-557861
-554793
871360
446977
48724
698868
-714324
205183
-946922
807495
-184077
542542
-70840
159217
426112
-586207
241871
850502
-920705
17246
458088
-252219
-873242
94559
-173121
198199
459439
-740910
879742
819357
-801905
78728
172338
902590
751982
636727
-126537
811355
332562
-3544
558207
-308876
372002
-851821
700804
-762284
723650
598257
-331231
820640
-665468
715304
-644220
982992
-584869
330021
658203
-123693
-777228
-721560
-152214
319061
234832
-139498
271312
-291226
370506
-333824
-247204
-634141
592437
621442
-252662
-710020
218763
521737
-398903
511365
-156201
846281
-581296
-449205
-142643
-1694
-89102
939433
-280933
-301086
601479
284584
-237395
-561867
-43337
129327
-263689
-33216
258871
-673097
-844408
249404
572837
-581647
-310596
-426223
801752
261693
-144439
754265
315760
90700
-76731
-472606
887770
-794933
-458851
613645
-579071
-119731
-184334
-627069
-979489
-578513
-35694
976684
-617417
-99576
-877606
32056
-957758
-91471
748807
-121682
611883
-389970
970514
-27974
-71910
648530
-280383
-351005
-374647
271851
782057
628634
377808
-999094
982654
-283569
713345
172092
-771937
-895997
-979116
-560600
902531
-931954
577074
-4976
76063
-700355
-733011
340123
-825416
865164
-200191
-705910
-276551
727649
988005
799609
562502
183972
-888958
151686
47749
-584026
-781508
617473
-689538
-824774
273598
-922411
98700
784164
698129
212045
305679
-953769
-561246
436893
804547
-220907
-702627
-399064
-657064
388746
263142
-721848
-535984
-29625
79473
796042
55352
333150
354804
794252
-428757
-73630
692851
-77602
-117489
-899560
-528785
907406
799101
-521313
230747
-751766
438917
266432
567289
809388
902678
-239700
-506054
-667085
276740
-900513
-8577
-941030
876948
-799350
-177753
-580137
-551054
277515
-280250
41925
-430813
-609149
192865
-225787
-850870
889866
303797
7459
435320
857812
-423722
-857016
620514
45811
-171999
883639
665351
445302
661172
122901
-823332
-397945
304103
-764486
-159297
-396892
953371
-815017
239842
-514423
-371494
129339
693663
-822848
770739
609042
676331
-928370
756023
-535658
440521
513969
403691
499213
38726
969942
838171
-9523
-360124
10067
-235673
-679139
410082
300613
-235564
-608748
542515
630990
941624
-916924
794910
663626
-666009
-888927
-311698
-350050
-260591
803882
-451268
-528673
-591062
-787710
-48101
-92838
357510
778086
758537
-472557
651796
-393655
-801997
479500
-870013
694991
-757845
933451
812053
-39813
62773
-186759
829282
203898
-172971
312343
521334
-915252
-88580
24524
857626
655027
354504
-356062
-62669
-804952
-480661
261208
-848631
-830776
-557981
-808303
874781
136159
-67790
-281611
31044
-298136
658734
524282
642162
-221836
584543
812296
-373538
678538
590633
-26995
-612138
-73061
-824532
-937154
-879760
-941979
-997403
71316
591461
375911
-484288
408181
600239
851209
855481
559823
59769
-370005
446436
372671
-127420
-306336
142027
66363
487606
904124
632753
-938197
460551
861569
99293
-209946
-268009
-916532
-776460
924873
393945
62490
841551
-2961
-973316
-425171
575816
-887828
448715
817540
992196
-373405
-651744
-816288
-372595
25895
-723638
-646646
-636730
369751
-503155
-280531
-506261
-305700
942214
-821566
-524656
-696381
100855
-253248
201005
202941
286886
240684
-941517
810619
-966545
75706
701299
-951475
339059
-542241
-568903
847089
-109389
-80926
239727
930389
69746
152734
530164
-859503
323556
-941658
440053
964688
723853
147873
-977785
90873
-169941
866217
397517
423330
579454
319479
481786
944948
202735
-863864
-257686
3762
-494918
-272966
-861235
982805
-350745
298695
-522972
812468
530167
-725707
222469
383647
390900
-370851
-136990
-193915
694938
-652518
742521
425021
40938
770947
219776
-139613
65351
-887650
438697
391374
-551252
663203
454656
812720
777166
170321
-140453
-90288
701672
-933788
-950392
508681
-782196
424599
517491
917630
-247986
379997
528692
618728
-287515
-422539
-134754
358118
129025
49839
-453673
-459499
-215780
-762174
9419
-974757
5101
482910
-665188
990840
-708765
-555037
-190771
532915
632721
478130
586066
747430
74256
-827608
67322
993035
831340
-366218
709843
614181
580020
453830
537734
283518
-955485
898682
179106
779183
-45050
659181
-265830
877773
708897
357472
631047
-568616
630995
958357
-321099
745554
-210346
-533299
770925
-412430
-158663
-915876
-84346
-172833
407303
685872
969548
-210556
-631397
314101
-170033
301184
686146
-101239
-105623
895419
689097
-90708
389756
-646480
-566467
-636414
895027
201405
876198
309906
398074
-220742
-217379
-551995
435255
163092
-66714
-84288
-803344
225093
-353350
611750
-693895
143845
480404
-50298
-995268
381360
921771
791035
-322386
261081
673651
-415495
-262961
867517
883410
-3196
42667
-946863
258994
-898702
318319
-822073
580902
-19137
568026
309974
-451135
-196438
-879043
-25269
601725
391655
-11008
93344
145940
-912508
-262456
-648999
-28035
-610973
-615293
350040
-643322
555854
201505
-836948
639691
825233
384374
33932
-96140
-959897
623668
-164800
-858436
-503678
-789247
-406947
-490747
832032
-681538
-611530
-901100
-883726
938322
-576424
83799
-635046
-548181
-258687
-454694
530057
-934024
-900301
234337
-525721
-54318
117513
515956
565634
-220671
469207
776515
28372
-371533
405019
308326
-15117
-26598
-907531
-708943
156545
703630
-710788
-681689
-957664
-560719
-954113
-718038
-267136
-755146
788759
828555
726456
353585
703544
-794124
-731685
272137
-540199
505639
952492
-106110
901700
227451
-736750
244655
55612
153440
-87550
572224
-699107
-537564
488614
397769
558891
-810355
546003
-238896
-986264
-891185
950389
-915574
673300
-684628
910266
468557
-254609
-540323
495538
-612012
24782
-674494
435641
-167589
-926411
-178811
-920155
-709488
-253181
-584857
-976432
104465
231187
-526865
-397099
-683940
-389407
498492
643017
788446
177183
-580206
987036
627246
359493
225525
885157
-258681
493371
-829287
511409
-86825
158861
543714
-681863
712885
-207867
-484214
-726719
832230
-604185
-148785
195001
251068
237412
-919989
570729
40205
-657330
-564938
668024
-615395
929556
-241281
795804
-35889
759488
-614333
192846
-453163
-913788
-822840
-452840
-925431
774055
446550
260709
747570
-976330
-152443
207152
35969
-577678
26145
-733389
41734
-523067
919456
-409365
-399134
-255878
264656
395203
-417085
-73825
-764516
-186580
798993
-138264
530313
-554896
-103225
-369740
269937
791752
-676877
-976348
-101740
-883737
770162
-607180
235909
209420
-622180
719453
318605
498356
205469
-961067
718594
-367312
-869913
172863
408453
-635187
71871
794754
-622849
11482
-225404
-248798
394877
-478012
880864
441649
690112
-205021
-15337
229455
628556
-750120
-546506
798002
633200
-620758
-216233
369815
-864389
-480465
530176
754484
380361
-29002
310167
-474284
-490609
-691680
-592994
511039
-233911
-564274
-316926
-800276
242900
-831089
-291449
425605
799037
-28308
712418
255987
182568
476414
957568
-232115
756181
-54291
667661
849120
396454
800704
-943659
571287
282695
673509
-67314
-307191
637246
942485
252512
-915808
-961265
550783
379563
-638577
88918
781587
-196647
-623729
187034
206161
-97512
234722
927899
353738
-13612
526506
551231
115847
722777
854272
813228
-483687
-361376
405621
-460250
167378
-325654
-625568
941850
593614
423508
-159969
-678096
-169740
151940
238290
-771179
-703017
-844616
363321
622164
944754
348090
-941051
888528
-328354
-392609
-271741
1704
837982
-92401
-877398
683144
202417
-853811
-646045
853598
-577102
11230
-322362
-702176
-999454
745866
-198108
-416030
38314
-525216
187737
-562677
564549
520817
-729518
777555
-636770
362790
-442048
829322
-557320
320216
909297
-723774
962486
-784237
342788
335726
-745018
-7851
-651707
-826189
346369
-79665
-664268
-631159
-576589
981972
554100
-952818
-257306
714346
384744
-188962
-223095
-359090
647473
-645662
947982
-787423
-433932
-147195
641399
-944555
-460802
834127
-176104
-590746
61959
267128
142389
407001
713289
-539362
734358
-72917
-673561
609339
553943
740408
428172
956887
-791745
372655
363880
783895
-112848
-41804
-155693
529140
284608
-219909
589776
-88058
96761
-596038
42042
-117449
-399935
-280341
364021
-808215
-710899
12450
74533
705515
419791
-718860
-346317
-413731
-267276
-104305
353958
-315857
-882859
-143618
900539
254782
468493
-494976
-360806
-92629
-664800
912130
-491281
917097
-810548
-528142
-164481
62958
-752743
417913
-202082
596299
-502780
163137
64516
495151
860078
-412853
-253530
-208597
-862968
207972
-500259
333516
149854
732387
-130693
-464888
414829
-11986
104589
342159
324010
-273821
-306085
-917490
-979013
-755939
319502
-201432
-302312
-98295
572241
798488
-46429
174278
-229255
632085
149038
-621352
-249981
144914
999397
-211383
-733566
-320949
194530
376004
757686
-538789
-238208
357336
-219777
-9303
936908
-960829
-411664
-118060
399066
-567376
-540455
-1744
63340
831461
-532954
-908275
512523
-907355
-477329
-751245
-565910
901686
668571
-998132
-461569
-120766
-578082
166713
587932
581175
441280
-498216
-526525
671407
240224
-372709
630571
17175
396000
537789
-310564
356764
677477
275607
9977
-135875
-401796
-464318
815995
668404
519303
-407702
917473
510966
209257
-378761
-343929
37127
53406
-72665
47250
-995498
931648
260353
-359040
820034
-72964
562348
-479609
31830
-972889
-557945
142810
-261516
632054
-627459
-172057
-817058
492723
159485
-321396
670448
-125829
922228
-229454
379730
-370497
-96871
-634544
-321126
509973
970692
-127012
-811437
-96182
107797
735903
-491159
-761793
-481565
-970044
777994
585654
747806
-3878
837
890978
331840
-463128
96019
-663538
-238621
311416
818433
-29645
432795
434967
-360753
130696
369860
523872
-262337
517103
702984
236695
380586
301459
803190
233929
-996575
-960360
252776
-761444
235818
969510
530556
947837
-246268
969581
394926
900961
-835908
-64372
278738
-794666
-237415
-797238
-519155
-795901
945992
401111
-164489
-667503
-766047
404851
-178478
125902
-688178
334737
608847
-499699
-85912
-709314
502494
191595
-627231
464026
-11520
-52005
336221
142006
-268125
-123958
4444
2397
682441
-148402
-985417
549195
-363358
-32753
16194
953288
-635873
-301478
-356627
-342877
10251
-372193
404114
842234
728353
963335
-793815
220221
-525130
-68398
13035
80550
161341
-958767
-133325
134902
-494489
471864
60501
-980834
804458
193484
-750141
464394
-607862
-990448
989847
-739068
261884
-406802
46973
789876
-279644
203759
981810
-774092
22362
685728
937769
-267415
564293
946099
909930
-233312
-564299
58938
-771268
82296
193025
-639986
936151
846075
-754251
388331
-349571
-980304
45662
624826
-207075
578169
-546379
-539186
-79760
796061
547048
-880061
-540504
-479706
7802
-92884
-284674
-708279
-37084
-93692
843781
-783376
-408360
-327801
333962
26170
-156966
-433117
-684084
739339
-998057
310824
944850
-91661
-227918
955672
-938697
-710236
282327
922325
216993
625684
-137009
-857661
456282
-313261
733138
-202409
-819456
237571
248700
-854891
-853010
-415813
684727
-724022
238133
-944790
100826
-331633
253924
-396036
884821
-387389
-556885
-696296
659251
126971
-991690
-954008
-288492
857150
294967
989267
-250437
773317
900527
-576198
398096
861847
794036
-343142
927833
-519846
491694
18205
674384
241171
796343
-182807
571168
466677
803560
794593
-99267
-889835
787453
649780
766592
3342
229685
852257
784644
-330537
-334079
997141
-226299
-769751
-331498
-127329
351880
-825013
214860
180713
857719
736425
205057
-370521
357240
562077
29904
699250
-333055
-71320
-636129
-57652
623614
400070
788548
926942
-504985
76432
-142857
239079
580730
227463
631771
-447838
-87124
-127121
-6410
-478206
-380075
-840581
467745
-941405
-697168
-589117
-404967
-294723
-907575
592095
-519633
-192570
-609401
333949
515148
17184
-624184
-387392
-902757
532946
-867795
316295
-312427
-735763
82243
486591
705899
-730130
32102
129556
659576
-298374
365027
275525
-253528
791717
102979
-193365
554539
-938501
112403
789279
-850742
468494
375262
630027
-878329
296711
701650
388721
307425
304422
760117
768396
488744
833961
-368282
-75068
-582535
-136064
642948
224132
-98180
392766
84903
640550
-765518
589871
578354
200079
209993
-297008
778466
-430919
-198507
99255
91499
-64549
-857772
-965288
-890104
212502
707172
370716
363582
972212
-69859
410992
405946
444810
-216735
751556
964078
-445318
313665
-536477
981732
681606
453650
-202978
926865
529024
-894340
-947730
687275
55023
-88582
-174487
-928046
125190
838631
722660
141411
38164
737790
574998
369123
-33877
-380159
948170
911152
-321165
51847
803755
-595851
-810424
-478864
-356336
-396825
-936193
-362896
-583663
-774867
497226
216219
-99268
417142
874979
-84890
21843
-392753
-285020
-583350
-358446
-40698
60175
-815944
-544208
-744169
267232
-334025
-558889
584986
-271707
-634906
-8630
15582
-490235
-827880
481043
826843
-452137
-100070
-80898
721339
571306
-984645
-328189
972825
-189791
268360
-304323
705591
-817121
-508157
617826
861525
332855
-282903
363349
-875997
495728
-136705
928205
-622849
956691
-679815
-657629
208854
885268
-72914
-55927
522775
852052
-830327
-369879
647373
994344
926177
-189950
-489870
748439
-926735
-627974
520565
683686
709858
-720941
-582671
-192005
-159557
63317
914681
-729291
886058
-121774
399920
-266389
-745428
420143
-170224
857480
-963724
-961996
-798188
-421414
315011
375563
166434
-884267
879533
159823
-338780
357290
-76279
473603
-683430
256532
-799403
-750743
-560656
420177
465514
-471838
3219
184668
-439194
439337
519008
130176
691811
-240661
759589
439534
-728907
-573100
829382
-966434
-162212
604916
-16781
87748
583979
12367
785398
377497
906640
238659
781847
-437606
75118
729503
-575935
644169
-124695
-778464
-178030
-332511
367046
-143114
-623934
900816
-628452
650664
627002
560426
-693622
-843445
750789
-586701
460147
-105898
-586296
45986
151157
682714
-333561
286297
162987
-439323
143288
-642375
-799231
-464619
626121
780677
-240246
883893
571827
-61821
250760
-126934
-269203
246257
712694
-317638
-401291
-155537
-829182
-711071
-377695
620200
692029
600138
-898698
420324
430541
-880600
-355399
470349
-419995
384885
-564729
-677758
-744089
-975763
-885116
142306
605079
432766
214718
342462
-249729
917501
-926386
686477
-487591
-919327
-173982
922080
801262
456345
-244875
569195
-502879
-992035
-962926
-645270
-18927
438988
-180910
539570
-914086
-328667
-382072
272413
-950497
-134125
503472
116745
734149
-236801
337749
46116
-642999
46143
761189
938861
-628409
427708
358181
322928
251051
671787
36681
600861
-285550
116833
610485
-105639
-363511
933189
-673129
402547
-34723
57718
470493
-926027
924092
252165
-633070
-769322
119571
915937
252748
-447086
398497
304495
653791
-753044
-709597
374227
-291396
-251568
-598450
-789608
378124
822231
560458
397367
501381
578387
-599721
867836
-926276
603354
-966166
541081
860782
-269044
41242
-504399
964290
319343
648905
563859
-927353
267652
268570
389523
-671527
-696171
718968
-217453
-790677
273733
-544488
-558828
-395527
-985044
797088
-331074
-252225
160881
589297
-726556
643454
375316
95239
280899
-442010
-578132
-410481
253810
-775409
917925
486604
692577
-665801
268064
-481159
-44396
-237150
734781
675004
46107
-548912
959343
-445717
-794319
332750
332580
-23315
585165
750544
422625
-521593
697076
822288
-549231
-398420
-878250
-687092
643708
669322
-556308
349412
625721
-147505
916649
-539787
-388214
-423433
380339
311211
-149486
573086
-603859
-230930
640156
388124
270999
-407807
-733071
268861
825008
-276607
277317
205938
664311
293044
-680107
-73211
-117061
-190545
-90389
-996649
807298
-226358
-796063
-778484
-101949
-670057
-583087
420702
-374896
131550
173817
803836
-40875
-407764
-686896
-858072
-177246
-955730
894511
903706
-968791
-118727
-136262
-159534
246226
-714415
-348679
-256955
462168
-56174
-613307
-666829
-913690
-415968
-609696
205592
-550867
-21761
967884
649016
-565421
-861241
954058
-47398
494941
844910
-838576
375099
-985836
641708
-661029
524411
490631
-232444
-729611
-700910
-25005
644123
-177628
-4024
341052
164449
484282
-679343
-594382
981947
-353947
-98973
-136970
-31276
-374391
-483456
-865852
875967
328726
616202
781451
-37579
826987
397161
979879
-175538
170269
983369
684208
-874406
196318
506183
-162688
-180711
-203321
-678787
-11006
926793
521544
939773
48736
-807937
547211
-103516
-768036
-891573
522622
343999
-317179
895540
68445
686236
-54684
447147
-888743
-840191
961718
84707
-851817
-418449
-155269
994993
-91266
522841
248430
-736275
-442464
58285
914924
-889803
837391
82600
903106
40713
-286942
-199203
-441386
634419
626537
-122677
559966
851021
-280347
-636401
-963862
-608492
132586
-810744
-693428
-585509
87016
-62673
990785
483374
-507332
-463069
-280036
139142
957689
-404980
50504
-625103
383655
-642101
-41251
465911
-202404
764785
574928
83722
-634399
630013
-850785
263595
528605
-117359
804241
-168541
-382691
745373
217752
-91212
286527
-31682
-394708
234004
216334
-191
899573
-990484
-346891
714228
905222
-868269
40921
20046
726594
166453
-844443
742036
-704370
707697
-976146
233768
44737
450259
573203
230463
194153
947586
-233610
-305865
-645336
105871
-783682
505536
-321286
904492
-963700
252350
-50223
945276
-773057
-983214
410444
219158
-589729
203988
-527344
-528543
888166
908146
-212763
378128
-728006
709577
-662677
476761
668759
-747802
-424794
139153
798676
420429
-373827
-573734
-575999
-313725
-161742
-942004
-326029
-217976
892183
-462904
132424
571759
66016
147116
-27507
886760
309734
-413718
-608151
961707
-95920
821368
-989829
-482697
-447695
784387
-559631
-866090
461810
75552
-108151
466428
806097
-783431
-250987
-423080
-645106
-298455
802026
-178558
-836902
914543
934925
678926
690950
-73208
432927
411380
104318
710178
-330895
260809
-892433
-995998
571068
-216337
-864183
-33358
1895
443333
-470088
-749288
-540808
75497
932045
-871836
-487557
-132085
-34107
-867928
210362
-74104
-753292
626763
355635
-32646
725799
-579715
188276
74692
541597
-878082
-657336
-224110
-555423
-330454
-234959
839531
599216
973311
166222
-926378
-321168
-34457
51287
-638862
226426
-949605
-975237
595170
911445
860230
829223
-131912
-56213
465391
-817951
492302
-552102
801779
-653839
-462073
49318
-55111
551078
642783
883978
-731524
-496834
-232531
323496
-162542
791638
101860
599039
53181
-844315
275562
551500
715020
-695871
403121
334954
-922761
82822
749379
-845726
268673
387563
636444
204538
375036
192935
-379806
382909
-787364
-244350
241122
-543020
-923392
-310513
-552052
-721002
935944
-429344
319846
-39229
207486
-154229
-738758
435755
-624780
-98436
806261
-365497
-123590
-243219
904697
-62987
-96714
-522436
-756993
-300564
-949377
917152
885823
-296062
568370
284615
376462
662894
-782107
-733710
508258
408219
418149
-598510
767160
602850
714247
509040
-970151
531045
322864
691186
521842
-437601
695238
-113429
594726
-426401
593293
-319945
561916
819215
-821680
675492
65196
769120
911984
350246
671911
377546
-859450
-899294
-691440
999936
-745718
-685443
-778477
-261719
777392
-137059
175240
-898093
-677934
881867
-848636
-715903
257453
784193
871596
909846
-250844
220162
-59118
678378
799604
-420569
789939
199244
646844
-958024
248668
343666
-897282
-279986
23635
-984622
851671
-940160
832656
-69409
-676911
-518261
404552
-137763
-632583
-635774
-381394
216548
-460779
-302316
-289450
-320056
-281479
202461
752558
616846
-531939
152963
-148817
944778
-829802
-290016
-431767
512336
-835692
800271
-27015
16019
674899
240669
811475
304033
14291
-110827
-76088
-413615
-47706
-891987
709014
926633
33246
261000
969512
45558
-33271
981183
10532
986175
75641
1496
175304
603975
193088
-680544
878410
-892777
-96780
-823083
324554
-424464
931247
-851729
514078
816192
-365085
277312
397996
513471
487092
-597689
-505295
773963
-615384
-458328
205054
743235
799170
551931
199768
338228
145973
290685
123695
826192
265864
-314900
-290642
367643
612132
-154906
764988
250071
244348
-225420
-465350
-365114
-726573
-163433
-54990
885505
666265
398107
671974
-997965
44366
499686
849269
121333
153272
831461
931677
287426
842772
548400
-494526
-685082
-649917
-617895
-237826
-441523
-946179
729513
188515
-542658
845441
829553
-468801
488209
219923
-963118
638104
680950
374270
543162
-772616
-628262
523025
68434
846896
-612058
-692009
939035
883980
-947339
843166
54000
765965
510173
-228302
-219417
324916
133241
483636
-741264
367531
11020
436174
247866
-339534
689356
748618
79868
-353604
-869657
979283
936949
345972
-33048
54941
-280874
788123
-342268
-740765
205767
797252
-601767
-102872
699139
286311
-389526
499479
-408219
276129
-794773
-11791
-33334
-164897
410568
-777443
306788
724470
-178704
349422
-707066
-626330
57513
119227
-126936
-319281
98064
-537462
-421685
-679465
745895
9242
149395
9602
887823
934367
642574
83502
335509
-994278
595982
639898
831925
-296383
319906
-534427
344612
-711935
-169045
-116864
-634853
-648982
503455
657051
391262
989182
522061
709610
-710282
829113
-114914
-855645
417439
975197
-637190
981143
-270768
962915
-669921
-386314
496337
141842
-954412
686350
-349690
-141211
530632
346958
380619
588869
134573
535844
-511889
-530672
937114
-41479
-200007
645801
272810
-333629
-50960
840484
-93859
-692491
-461754
509802
-240840
110237
-654389
-966001
621217
-111494
67300
798993
287508
800189
-818818
270930
139723
435259
905526
304828
-194511
-410541
-599258
988801
414988
-337985
986011
695640
-620138
-360569
873772
-974986
-712377
433327
144491
715226
-737253
-963606
-527194
627924
890950
167105
464385
593883
301784
-989534
179231
507372
790565
893092
357118
554098
-519536
-965584
-621448
519059
139269
-735610
103437
722178
175583
-395857
485135
480292
-393730
-299567
763010
-156952
179795
-406778
735047
-765573
768072
665089
-157161
-963890
898373
808478
614852
586389
993561
-24622
-21709
99794
849558
-778423
-371837
-693026
-726739
-274524
346469
70267
-413308
-914290
693268
-297308
489931
-753902
-501150
307268
130037
722610
-919071
-934305
636052
-362932
-445256
-329848
455670
-902628
721707
-380995
855196
-788184
-688855
-171308
-110341
-595134
-315805
368977
32999
899119
449955
-162969
-202575
-722858
131040
260661
964698
190353
-882525
445
505886
-980640
984217
-679513
17000
244395
443729
338067
360934
-716804
-76678
640827
630563
841881
-735610
570372
-45891
-572364
-528987
-264671
945538
117179
-95159
293397
502525
684212
-181257
839246
770158
-772493
489286
-559376
917761
-819984
-865542
261758
106005
113489
-922602
-867445
-747426
-36141
5515
-139974
-934657
209295
-84963
112461
-69004
271790
-134026
-81865
189172
-329733
132120
178055
496871
550252
-602848
-629025
724924
-445373
698063
-332449
-182034
-351889
-396144
770316
150417
409248
-183348
341101
384983
164871
-43206
-515732
645491
543120
510173
-733218
-346609
-171972
460230
-883203
-341175
-517121
-910511
774585
818788
-982830
-901636
-983447
269931
-301356
-334755
275301
457102
-645984
492300
-826097
-865181
-289489
-494934
312102
-645763
907469
-259767
-149931
86969
-514240
377746
200666
7851
-767362
-875141
886446
-757989
749315
559923
217952
543028
-736133
739906
964296
830395
-786228
538299
706441
835939
-614224
-306856
-785252
-133912
607857
379775
659201
-869492
-876452
89763
-272924
-798648
-772716
-558975
-391172
571553
-501153
-26046
496446
-33191
-555858
-886408
523400
-560497
765160
-342793
-42364
116415
740305
-325092
734044
-689333
-518192
519598
-735015
292670
907
-146033
8918
233621
734003
126838
-370515
297690
974726
-682642
10682
635849
128752
413861
-916304
918137
-958300
653811
-66610
361450
-176826
596005
756492
-663541
158894
-871169
-510140
891973
-103503
588505
937136
338544
-792911
250344
-961684
21915
-532276
350712
-277182
-432841
444070
-608183
-296344
-359660
-310768
-773565
986169
464011
-75525
618597
-762664
-736250
277053
627621
-864773
334743
911525
661136
244323
284446
148091
-473101
-881457
-654152
-930511
-863080
572203
460321
349351
404562
965431
349977
-908579
957981
864364
-925273
678222
624156
-118593
676333
-782923
-285938
-255677
-923664
49722
66300
-768949
916250
779459
-548821
-382988
73444
-765716
-85252
308460
-450561
541112
-284182
-439475
-327621
-955718
-142314
912431
712250
264388
448613
422915
-733541
305298
-969345
600694
-98687
804085
-377637
-538671
760777
793963
928558
-638930
-361009
-55682
-371318
360074
419727
-321011
-143733
591989
-250080
139676
-934897
957810
499756
10103
-163372
875828
902015
676455
699156
402188
305317
387615
-114843
448024
-914345
938756
301416
886319
548331
150049
-54432
-406803
-324642
141367
-458167
-338615
-16892
662337
845498
454323
796280
308189
-226101
-591681
455693
940909
-632267
275508
373772
-599442
739176
-424201
780922
-227600
-920681
-313200
-842840
76076
551489
41727
534309
-443917
759513
793829
138496
965499
715597
370165
-988843
-928056
30103
-708628
-251135
-466274
-488950
-601998
-268455
-286886
-908305
-284769
-696970
414638
-307582
-380300
-747393
391510
767157
859727
-68472
-757415
614608
255338
-629792
-140167
230425
-129078
861861
301410
996503
-736861
673536
-878595
-115841
74062
630410
167946
596097
-726309
-875352
100075
281972
499841
592815
402681
101915
-375316
35590
-611168
-709032
-265354
-35854
-783295
-680538
827092
854908
-271837
252530
922459
-839559
450666
946954
215861
-156930
-400957
777960
-928939
896533
661947
-346706
-209592
-351123
-947391
-334150
-311964
637947
-614279
-17562
-703213
253194
691646
-544543
485987
-995677
-583069
-340121
-173130
335257
-262619
-821990
-228123
-229764
771156
-681243
-724860
-320034
220017
57737
689303
-52189
200964
-817540
185246
-735997
104254
77197
120569
400708
674738
-420955
-332730
-806070
584717
-162239
-723809
530956
424886
139763
121308
31803
-610470
349871
-990359
244665
65619
-878196
45305
-62415
787860
312942
-289730
34509
-582938
901669
506435
-243600
-654722
-717697
-879521
342108
-34685
-867173
-834765
115480
741055
-560946
250849
480566
656984
-496191
-767126
455051
584605
-637961
573088
-267496
-755265
998879
133905
421025
-394969
-777450
-938016
-556873
799710
-195883
159796
-273278
-754574
-870204
-270596
64444
546468
179434
-225374
-255769
-261842
471715
-905037
-140600
-527108
-163551
-675528
612722
-900633
-870857
-774168
-165782
-959320
-765372
52632
-604361
817184
9759
107613
739318
-868520
-974029
458676
-304677
-68945
547762
551730
706325
148125
36796
-161993
-226021
131343
-290517
-242949
280639
-528035
-91486
-332669
-753715
279031
-787997
226035
-500415
-537359
761484
242628
-250706
494898
296719
-937282
-908449
-29189
299107
761836
666053
-635370
-863718
-910610
-308088
621351
272053
-718155
739681
-89348
754337
956479
197899
604757
-720389
-64740
-48494
-367679
333710
990279
263401
322378
-837118
-248601
-508960
590728
-657512
-439076
-680607
-322206
-820769
999513
644237
503365
-15682
41976
744468
-900640
-109865
695704
-726734
309551
954714
-865037
887041
-128364
-141700
767580
-702602
189378
104076
779432
-327298
-217048
-761268
966804
-455066
720643
183885
510318
-449184
-225104
309008
202572
-998973
-637856
557066
-932230
-517886
-786540
932673
777364
435613
493681
-970644
157258
-508491
752080
916981
-410879
-215406
-493225
334820
-683146
600130
344725
945839
205689
623771
169192
-726068
-156963
224916
939067
453903
-609242
814905
-691393
-848019
-177182
981655
106332
496648
-754112
-824834
266164
-248622
277642
919848
185299
718385
-315384
-597698
-389695
-579775
853669
897651
318441
381457
-178998
-628928
997711
230428
970764
-348045
259710
753407
-885004
449128
51959
-986580
-860048
585332
294147
-823659
525715
-869019
218946
-86053
940934
-698455
-480661
-542085
885328
-417786
338198
83994
-862497
-846888
910841
-842970
159337
991598
-294014
988774
-886123
-541570
-758360
332030
-208630
78535
839658
-954496
627921
490372
-833405
636296
558075
367116
865014
505531
160705
-300560
-971009
726317
-824214
205471
770211
708439
-571167
-791642
704004
-820877
277286
505123
283840
947547
-742052
-766589
-597586
444219
-76823
312249
946709
-355766
-419516
436098
-256761
171111
-932001
344054
-398639
-81464
248321
-106799
220755
-277330
-765207
549833
-166575
-219111
-259733
-298388
650073
-929322
840756
593250
145374
678564
-604082
16658
365719
-499758
541724
155302
-918003
-782632
495774
-398963
-526935
393182
245577
954097
-532604
-794426
-58706
-371387
-648004
536492
580453
-349697
-174387
-270526
-238520
-838447
923160
297383
177614
869413
903788
-41881
692011
837450
-1677
145892
-201388
-863515
-548228
881033
467364
975765
104726
836110
-544429
8485
-674362
305530
669851
670236
603466
-825493
287724
-857895
748338
841613
287221
712233
-975461
-648803
263947
-251813
450289
-476452
-470532
-458104
926011
695537
-131582
200207
717967
-636665
451651
-925058
-886541
218493
515736
-522782
925238
961536
-736004
581018
-898978
-975123
-144482
489375
-797517
-189197
628217
-258526
307411
-326351
516921
-842271
-98321
493297
303003
-424323
-41449
683513
874245
399402
-42794
447904
-581634
83707
434647
508318
-504802
783286
-543270
-934920
-320427
-454942
632394
431386
-181921
840905
-983368
-223989
165277
982883
-425432
58483
-68398
-230155
997519
960188
432534
158777
-301403
300634
-232707
-61911
-117651
-395193
598634
696926
502224
-464492
876258
-222525
-789216
85415
-406504
-766167
912902
378977
256998
-168184
-7458
133515
-615320
534444
424106
730805
-782219
-795545
235072
-935301
-345556
-36363
-77842
6773
-900814
229817
158974
-944279
-452367
564280
-811880
641314
328368
886889
-402779
-947573
329506
-880861
-341035
-142553
-999437
793339
-465278
828543
28166
175447
882353
-360865
-88229
-72298
375546
968698
-401709
-882869
-150358
-273911
836108
635864
40843
728939
-431578
-493954
575322
-504464
286535
-552872
-815128
-541174
-789428
502972
697788
-336579
-225118
-434129
-359086
637057
458233
874637
-751827
-260991
-203041
-942297
-180116
-332832
968475
676707
-603301
-883961
404385
765757
360143
-402978
41486
-207691
174793
548407
576737
815168
-962413
-81033
435484
531286
638986
192772
182168
269039
-25707
757428
-719162
908476
-164271
417760
-764217
-932253
101484
-242367
-641203
485120
128857
-418049
117590
920194
44533
113226
553332
-623932
166299
416794
168996
-241595
172159
-774794
172470
904175
920148
948348
-415085
813367
-983571
309585
-283399
669392
643147
-351506
223771
783065
-253576
-590406
71028
-601334
-634548
-302683
-884137
562831
253575
-65403
-139043
-347644
491562
791389
243082
81914
-280481
318834
-336568
402430
-64664
962468
-976555
-271364
-567148
-398585
-637052
-786591
517687
-868788
-777542
525213
-84271
-853048
-899534
-72342
272348
269226
-774548
968481
-172525
832620
-874339
-8027
-924426
355100
579613
742633
-667170
-327493
-281086
-720151
753338
-326800
-300853
278895
-371777
-124262
-466019
-627715
-311185
67039
-949647
139100
286660
-202299
-283862
395888
-125036
-966778
43305
-44323
-69111
821082
-23000
-146192
-660353
-918684
-991035
-11025
-928973
753700
248719
-767886
898429
107636
576283
-289336
121761
149838
312224
214662
-488761
-979726
-359441
794680
271228
-204354
-127275
-876853
516397
-588170
-832423
854250
-115648
-127952
488692
-729155
-276292
260265
-943204
-164278
-111840
861156
387317
166344
964176
-566538
-816448
-545424
704135
-479954
744541
-740573
-971182
-445371
-753683
-290867
932896
760551
-401588
-635890
471623
499052
382202
980146
806995
-480068
-306383
537858
103103
473597
-953125
-784431
-157954
695549
553470
-62143
633922
-950275
-936563
-169019
316925
-498854
-152892
325227
-370616
-455194
-478434
-900357
-647663
25492
580459
622965
-771446
510458
-872882
780995
-384442
-800054
-686779
-985334
774255
284494
-191099
-207912
29030
-346077
-574971
460716
39135
-66229
-443559
-727414
-654754
494155
-811157
401360
12024
990835
-365772
-852471
862937
-335234
148131
328442
-402079
847749
114897
-811061
-512232
-470441
248918
-401077
938683
-166072
591689
-750742
-959608
364242
376043
494842
974450
903403
106520
262588
-695106
533907
40925
-683375
-766544
667079
-558298
127944
-285576
-167158
633411
-80887
397854
74399
-874932
-798804
860876
-842764
634083
507869
930012
320556
801290
251990
-443728
-526784
-211620
110227
48632
-594808
-599275
-877531
52394
178441
-640500
959263
40245
-20567
-16756
360522
-425683
341137
-83189
-862446
-823177
418091
151139
410039
415604
-419807
112466
378399
-285729
960994
832275
-973535
175207
-467874
129234
-180883
721843
-33992
-878562
-367808
-955937
-63200
835694
797755
-683319
-63704
529508
1955
-963466
-341104
275516
299421
649478
114159
366103
-371548
601882
218223
-358012
800524
653322
-488347
954132
921758
652482
140079
-219491
-361713
-685977
-627349
-947449
805016
515189
-356704
-613250
-975048
267666
-567052
-633585
613184
358559
803748
-722146
393306
-779217
-520441
-894800
861681
64464
860280
353034
-52668
601364
-854175
-87447
-332558
411568
846560
592947
-215953
786483
-883338
-516796
845560
-58981
-774499
612914
-105728
-520938
809124
758439
116024
591435
376565
-629223
-40690
429563
827606
-694606
-903101
285973
856533
707483
467744
-882017
208344
126112
697154
126152
-21288
-779816
301944
306756
479734
-944758
-328491
179169
267143
-835870
-137466
59009
386051
60071
-954191
-83266
-997197
181427
-828380
-171158
-859967
959848
-521954
-403782
-488700
349719
-198883
591080
248248
904964
971020
-722409
908592
-52225
486742
-658460
-831412
832038
-133595
627230
-783904
-27895
323576
-161152
-259246
-434041
343165
953113
756721
-687399
-131326
475962
922304
-883176
360975
591735
496727
-394902
888564
-327056
-42581
-556620
525182
-109442
718431
-477
-363693
-384722
-307165
-664234
-423979
991726
-8519
260124
766847
579395
397158
592439
650924
-442853
-315427
685700
925736
-932170
-424900
117965
163609
514605
-366825
273270
-499316
748561
-303278
566923
58835
-749033
529512
629306
-543125
-454390
-631098
-249527
73185
-910281
-303965
-689028
-424851
-450239
-744459
-996976
338127
10255
378036
808195
23823
981333
-774868
-734599
238434
529653
-239429
644016
-961363
338115
-563800
-579771
-85184
-34399
-786737
961400
-518747
577736
964324
879311
628505
572662
657773
677529
436618
-583558
405212
94521
858484
-2109
162404
-831275
696507
-122838
201182
207438
546912
-67253
-146918
-9450
810169
32012
734059
823348
603858
882960
575598
694084
951273
-872412
-690401
-139531
-105407
-506415
458304
276460
-813254
-138155
-387177
242833
109026
871483
-139944
-815773
223802
-183774
-485449
-717707
-263949
-722621
-264486
-71585
246772
-293810
-425535
-162715
468420
-76285
323818
185735
551194
-295272
-402623
-97955
48070
-617324
321328
-586297
107827
614411
975924
717555
121973
921516
839371
-91082
-469488
910671
61436
-876799
183461
-755066
289280
171586
-197521
-574725
405628
-857266
-328586
-737546
-898313
-295402
-700414
634939
-785400
39302
491286
-895966
405751
-444691
295506
748947
280898
-774133
758764
295079
198258
-743996
-820086
893626
458384
469829
828681
-876661
505095
-882754
-928271
934170
-818341
424971
915340
852231
-864355
-254832
-894298
-801151
-424979
-112293
-477989
-459374
-897126
-653477
-335617
558228
498355
-335527
-215705
581203
-632475
129912
-142911
-315198
-587852
616191
-412565
835820
-315912
327768
-820145
-640692
363167
-362438
138308
-701017
-791394
-406115
507838
611594
-986939
-131533
51711
-245507
531497
460216
833431
874302
74976
-773350
-100382
-734249
-259042
-736326
-383567
-484233
973211
-476452
906563
-541908
572944
250107
-319877
969412
-874746
90554
680982
590019
893448
527737
-215715
-209546
-248240
-773499
227490
5312
-769099
-221187
-57986
960719
-148286
742653
103988
-960228
901260
353887
-787110
-85698
-43045
296852
159668
398868
491230
-531422
-896745
103140
93074
-210841
-912778
-494882
-770670
-977329
-528400
591229
377184
-836789
-809543
-524927
182896
-479916
-116019
-492757
819971
-695410
-54340
927748
-446836
-322737
242845
926761
-789436
-677191
-967815
-871694
685902
-163794
363682
-82551
-373580
-961431
369943
-853761
603449
-641212
-538666
48493
-816445
961951
462683
-296292
905123
-815361
-618746
841494
-163449
-54034
-472576
-184009
499847
217330
-658999
370189
342091
597873
649910
-758162
491643
524847
-667764
-669566
-858303
-101121
-177957
300513
-933541
777030
-119242
828526
-578028
289982
-736069
360953
-837186
126544
-144626
709747
324409
-794971
-162252
819937
-388480
-520912
802200
922597
701249
-633008
278962
562963
585084
96798
882821
-635635
-680796
260501
163662
314096
312811
522981
580151
-527671
386459
844785
-809331
-242181
562680
-635488
-267314
688401
728189
332399
380943
-165942
-551638
-340810
-555297
-12683
750583
-679006
644452
-384387
-815909
128207
-588496
300956
800079
343642
-457445
104099
792313
-139407
-579774
169465
-234760
816879
-915156
574488
776519
-384105
-392507
347789
-97026
-522849
-483782
924649
942005
-485318
-217579
514516
-89834
-982486
-285760
293889
-9582
246550
-130734
962493
-430262
-709895
506010
144773
966704
668661
888038
294152
-341377
573602
-808740
76447
-608316
756594
758746
-359399
-257767
-660080
-867105
207797
82880
734255
366271
-344461
-218123
-717221
-884453
926688
-343182
-820590
30081
805050
-230100
776147
-15780
-204838
386125
894303
-164413
-544566
-548807
285456
993239
-905312
-431911
193107
-738122
108814
576396
464439
164426
595671
311212
183920
867127
558684
-208302
856608
-562676
-669399
-856937
989366
43221
449294
-959841
-508626
147100
119381
586021
-220450
-424315
184846
365214
-735806
-356983
-33923
521674
-426542
511514
-302914
-539248
717448
180244
-4466
151381
998795
-120296
-705655
-699334
709817
462062
997899
